"FirstFound"	"LastPresent"	"LastChecked"	"Fate"	"Freq"	"NestAge"	"Year"	"std_time"
"1"	14	24	28	1	1	-9	"2006"	-1.055621031
"2"	24	49	49	0	1	-24	"2006"	-0.254215767
"3"	24	27	31	1	1	-19	"2006"	-0.504654912
"4"	25	48	48	0	1	-23	"2006"	-0.304303596
"5"	25	53	53	0	1	-24	"2006"	-0.053864451
"6"	25	32	35	1	1	-15	"2006"	-0.755094057
"7"	25	32	35	1	1	-22	"2006"	-0.354391425
"8"	17	41	44	1	1	-9	"2006"	-1.055621031
"9"	17	27	31	1	1	-16	"2006"	-0.554742741
"10"	19	47	50	1	1	-16	"2006"	-0.705006228
"11"	20	41	41	0	1	-16	"2006"	-0.705006228
"12"	20	20	22	1	1	-17	"2006"	-0.654918399
"13"	20	43	43	0	1	-18	"2006"	-0.554742741
"14"	28	31	33	1	1	-17	"2006"	-0.654918399
"15"	14	38	38	0	1	-13	"2006"	-0.855269715
"16"	16	18	21	1	1	-13	"2006"	-0.855269715
"17"	24	27	31	1	1	-19	"2006"	-0.504654912
"18"	14	41	41	0	1	-13	"2006"	-0.705006228
"19"	49	61	61	0	1	-36	"2006"	0.39692601
"20"	15	22	25	1	1	-7	"2006"	-1.155796689
"21"	19	45	45	0	1	-18	"2006"	-0.454567083
"22"	20	48	48	0	1	-19	"2006"	-0.304303596
"23"	26	48	48	0	1	-23	"2006"	-0.304303596
"24"	29	51	51	0	1	-26	"2006"	-0.154040109
"25"	39	54	54	0	1	-29	"2006"	-0.003776622
"26"	44	47	50	1	1	-33	"2006"	0.246662523
"27"	15	31	31	0	1	-6	"2006"	-1.205884519
"28"	25	56	56	0	1	-24	"2006"	0.046311207
"29"	15	15	17	1	1	-10	"2006"	-1.005533202
"30"	17	39	39	0	1	-14	"2006"	-0.805181886
"31"	24	36	39	1	1	-24	"2006"	-0.254215767
"32"	26	44	44	0	1	-18	"2006"	-0.554742741
"33"	32	42	45	1	1	-29	"2006"	-0.003776622
"34"	26	36	39	1	1	-25	"2006"	-0.204127938
"35"	33	46	50	1	1	-25	"2006"	-0.204127938
"36"	36	50	50	0	1	-28	"2006"	-0.053864451
"37"	36	57	57	0	1	-32	"2006"	0.196574694
"38"	49	73	73	0	1	-48	"2006"	0.997979958
"39"	28	51	51	0	1	-26	"2006"	-0.154040109
"40"	32	59	59	0	1	-31	"2006"	0.296750352
"41"	32	34	38	1	1	-29	"2006"	-0.003776622
"42"	35	58	61	1	1	-27	"2006"	-0.10395228
"43"	35	58	58	0	1	-33	"2006"	0.246662523
"44"	45	62	65	1	1	-45	"2006"	0.847716471
"45"	51	62	65	1	1	-51	"2006"	1.148243445
"46"	53	60	63	1	1	-50	"2006"	1.098155616
"47"	19	21	23	1	1	-18	"2006"	-0.554742741
"48"	54	76	76	0	1	-51	"2006"	1.148243445
"49"	49	79	83	1	1	-48	"2006"	1.148243445
"50"	49	53	57	1	1	-44	"2006"	0.797628642
"51"	49	57	57	0	1	-44	"2006"	0.196574694
"52"	57	70	73	1	1	-57	"2006"	1.448770419
"53"	50	69	69	0	1	-44	"2006"	0.797628642
"54"	50	68	68	0	1	-43	"2006"	0.747540813
"55"	50	56	59	1	1	-49	"2006"	1.048067787
"56"	50	62	62	0	1	-37	"2006"	0.447013839
"57"	50	59	62	1	1	-42	"2006"	0.697452984
"58"	65	73	76	1	1	-62	"2006"	1.699209564
"59"	19	29	32	1	1	-11	"2006"	-0.955445373
"60"	66	80	80	0	1	-55	"2006"	1.348594761
"61"	24	46	46	0	1	-21	"2006"	-0.404479254
"62"	24	51	53	1	1	-19	"2006"	-0.504654912
"63"	24	45	45	0	1	-20	"2006"	-0.454567083
"64"	25	53	56	1	1	-22	"2006"	-0.354391425
"65"	15	31	31	0	1	-6	"2006"	-1.205884519
"66"	35	50	53	1	1	-32	"2006"	0.196574694
"67"	19	41	41	0	1	-16	"2006"	-0.705006228
"68"	19	36	39	1	1	-14	"2006"	-0.805181886
"69"	26	31	35	1	1	-23	"2006"	-0.304303596
"70"	26	40	43	1	1	-26	"2006"	-0.154040109
"71"	32	48	52	1	1	-32	"2006"	0.196574694
"72"	35	54	54	0	1	-29	"2006"	-0.003776622
"73"	32	42	45	1	1	-27	"2006"	-0.10395228
"74"	33	40	43	1	1	-30	"2006"	0.046311207
"75"	33	45	48	1	1	-33	"2006"	0.246662523
"76"	36	49	49	0	1	-24	"2006"	-0.254215767
"77"	36	50	50	0	1	-23	"2006"	-0.304303596
"78"	36	44	47	1	1	-28	"2006"	-0.053864451
"79"	36	63	63	0	1	-38	"2006"	0.497101668
"80"	36	47	47	0	1	-22	"2006"	-0.354391425
"81"	38	57	57	0	1	-32	"2006"	0.196574694
"82"	38	63	63	0	1	-38	"2006"	0.497101668
"83"	35	44	47	1	1	-30	"2006"	0.046311207
"84"	49	55	59	1	1	-49	"2006"	1.048067787
"85"	50	50	52	1	1	-40	"2006"	0.597277326
"86"	44	56	59	0	1	-34	"2006"	0.296750352
"87"	40	63	63	0	1	-38	"2006"	0.497101668
"88"	35	51	54	1	1	-30	"2006"	0.046311207
"89"	54	58	61	1	1	-46	"2006"	0.8978043
"90"	55	67	67	0	1	-42	"2006"	0.697452984
"91"	55	79	79	0	1	-54	"2006"	1.298506932
"92"	55	55	58	1	1	-47	"2006"	0.947892129
"93"	15	39	39	0	1	-14	"2006"	-0.805181886
"94"	55	61	64	1	1	-43	"2006"	0.747540813
"95"	49	71	71	0	1	-46	"2006"	0.8978043
"96"	49	71	71	0	1	-46	"2006"	0.8978043
"97"	49	61	64	1	1	-44	"2006"	0.797628642
"98"	55	66	66	0	1	-41	"2006"	0.647365155
"99"	56	73	73	0	1	-48	"2006"	0.997979958
"100"	56	70	70	0	1	-45	"2006"	0.847716471
"101"	56	80	80	0	1	-55	"2006"	1.348594761
"102"	58	80	80	0	1	-55	"2006"	1.348594761
"103"	59	73	73	0	1	-48	"2006"	0.997979958
"104"	58	58	60	1	1	-47	"2006"	0.947892129
"105"	24	40	43	1	1	-19	"2006"	-0.504654912
"106"	59	74	77	1	1	-59	"2006"	1.548946077
"107"	59	62	62	0	1	-37	"2006"	0.447013839
"108"	59	81	81	0	1	-56	"2006"	1.39868259
"109"	59	73	73	0	1	-48	"2006"	0.997979958
"110"	59	61	61	0	1	-36	"2006"	0.39692601
"111"	60	77	77	0	1	-52	"2006"	1.198331274
"112"	60	71	71	0	1	-46	"2006"	0.8978043
"113"	62	81	81	0	1	-56	"2006"	1.39868259
"114"	64	73	76	1	1	-54	"2006"	1.298506932
"115"	64	81	81	0	1	-56	"2006"	1.39868259
"116"	26	52	52	0	1	-22	"2006"	-0.10395228
"117"	64	76	76	0	1	-51	"2006"	1.148243445
"118"	28	50	53	1	1	-27	"2006"	-0.10395228
"119"	28	37	37	0	1	-12	"2006"	-0.905357544
"120"	33	61	61	0	1	-31	"2006"	0.39692601
"121"	35	51	51	0	1	-26	"2006"	-0.154040109
"122"	25	47	50	1	1	-20	"2006"	-0.454567083
"123"	45	65	68	1	1	-45	"2006"	0.847716471
"124"	58	64	68	1	1	-53	"2006"	1.248419103
"125"	17	37	37	0	1	-12	"2007"	-0.905357544
"126"	11	40	40	0	1	-11	"2007"	-0.755094057
"127"	11	13	15	1	1	-10	"2007"	-1.005533202
"128"	11	35	35	0	1	-10	"2007"	-1.005533202
"129"	12	43	43	0	1	-12	"2007"	-0.554742741
"130"	27	43	46	1	1	-25	"2007"	-0.003776622
"131"	29	31	33	1	1	-27	"2007"	-0.10395228
"132"	30	58	58	0	1	-29	"2007"	0.246662523
"133"	30	41	44	1	1	-29	"2007"	0.196574694
"134"	30	40	44	1	1	-22	"2007"	-0.354391425
"135"	31	45	49	1	1	-30	"2007"	0.046311207
"136"	34	50	53	1	1	-24	"2007"	-0.254215767
"137"	35	53	56	1	1	-34	"2007"	0.296750352
"138"	35	52	52	0	1	-27	"2007"	-0.10395228
"139"	36	62	62	0	1	-37	"2007"	0.39692601
"140"	36	46	49	1	1	-36	"2007"	0.346838181
"141"	36	59	59	0	1	-34	"2007"	0.296750352
"142"	37	42	45	1	1	-24	"2007"	-0.254215767
"143"	37	51	54	1	1	-32	"2007"	0.196574694
"144"	37	67	67	0	1	-32	"2007"	0.697452984
"145"	37	60	60	0	1	-35	"2007"	0.346838181
"146"	40	54	57	1	1	-35	"2007"	0.346838181
"147"	47	64	64	0	1	-39	"2007"	0.547189497
"148"	53	68	68	0	1	-43	"2007"	0.747540813
"149"	54	71	71	0	1	-46	"2007"	0.8978043
"150"	54	71	71	0	1	-46	"2007"	0.8978043
"151"	55	59	62	1	1	-43	"2007"	0.747540813
"152"	55	75	75	0	1	-50	"2007"	1.098155616
"153"	55	69	69	0	1	-44	"2007"	0.797628642
"154"	55	65	68	1	1	-53	"2007"	1.248419103
"155"	55	72	72	0	1	-47	"2007"	0.947892129
"156"	56	71	71	0	1	-46	"2007"	0.8978043
"157"	56	70	70	0	1	-45	"2007"	0.847716471
"158"	56	60	60	0	1	-35	"2007"	0.346838181
"159"	67	75	75	0	1	-50	"2007"	1.098155616
"160"	11	40	43	1	1	-10	"2007"	-0.755094057
"161"	19	23	26	1	1	-17	"2007"	-0.654918399
"162"	22	44	44	0	1	-18	"2007"	-0.554742741
"163"	22	44	44	0	1	-18	"2007"	-0.554742741
"164"	23	37	37	0	1	-12	"2007"	-0.905357544
"165"	23	33	36	1	1	-21	"2007"	-0.404479254
"166"	23	42	42	0	1	-17	"2007"	-0.654918399
"167"	23	48	48	0	1	-23	"2007"	-0.304303596
"168"	11	41	41	0	1	-10	"2007"	-0.705006228
"169"	66	68	68	0	1	-44	"2007"	0.797628642
"170"	18	44	44	0	1	-18	"2007"	-0.504654912
"171"	18	42	42	0	1	-17	"2007"	-0.654918399
"172"	18	40	40	0	1	-15	"2007"	-0.755094057
"173"	28	52	52	0	1	-27	"2007"	-0.10395228
"174"	28	56	56	0	1	-27	"2007"	0.146486865
"175"	28	54	54	0	1	-27	"2007"	-0.003776622
"176"	10	30	30	0	1	-6	"2007"	-1.205884519
"177"	18	40	40	0	1	-15	"2007"	-0.755094057
"178"	28	42	45	1	1	-26	"2007"	-0.154040109
"179"	31	54	54	0	1	-29	"2007"	-0.003776622
"180"	31	55	55	0	1	-30	"2007"	0.046311207
"181"	49	68	68	0	1	-43	"2007"	0.747540813
"182"	49	72	72	0	1	-47	"2007"	0.947892129
"183"	49	69	69	0	1	-44	"2007"	0.797628642
"184"	13	20	24	1	1	-13	"2007"	-0.805181886
"185"	10	20	22	1	1	1	"2007"	-1.506411493
"186"	60	74	77	1	1	-58	"2007"	1.498858248
"187"	11	41	41	0	1	-10	"2007"	-0.705006228
"188"	46	69	69	0	1	-44	"2007"	0.797628642
"189"	53	78	78	0	1	-53	"2007"	1.248419103
"190"	53	75	78	1	1	-48	"2007"	0.997979958
"191"	63	73	77	1	1	-61	"2007"	1.649121735
"192"	66	66	69	1	1	-65	"2007"	1.849473051
"193"	10	32	34	1	1	1	"2007"	-1.506411493
"194"	15	44	44	0	1	-14	"2007"	-0.504654912
"195"	13	15	18	1	1	-3	"2007"	-1.356148006
"196"	17	36	36	0	1	-11	"2007"	-0.955445373
"197"	32	64	67	1	1	-22	"2007"	-0.354391425
"198"	58	83	83	0	1	-58	"2007"	1.498858248
"199"	16	27	27	0	1	-2	"2007"	-1.406235835
"200"	17	43	43	0	1	-16	"2007"	-0.554742741
"201"	17	32	35	1	1	-7	"2007"	-1.155796689
"202"	22	41	41	0	1	-16	"2007"	-0.705006228
"203"	45	56	59	1	1	-44	"2007"	0.797628642
"204"	55	78	78	0	1	-53	"2007"	1.248419103
"205"	10	30	33	1	1	-5	"2007"	-1.255972348
"206"	10	17	21	1	1	2	"2007"	-1.556499322
"207"	69	82	85	1	1	-68	"2007"	1.999736538
"208"	10	20	20	0	1	6	"2007"	-1.756850638
"209"	11	14	17	1	1	4	"2007"	-1.65667498
"210"	12	25	28	1	1	-2	"2007"	-1.406235835
"211"	13	22	22	0	1	4	"2007"	-1.65667498
"212"	13	42	42	0	1	-13	"2007"	-0.654918399
"213"	15	23	27	1	1	-14	"2007"	-0.654918399
"214"	64	77	77	0	1	-52	"2007"	1.198331274
"215"	51	78	78	0	1	-51	"2007"	1.148243445
"216"	51	68	68	0	1	-43	"2007"	0.747540813
"217"	51	77	77	0	1	-50	"2007"	1.198331274
"218"	52	79	79	0	1	-52	"2007"	1.198331274
"219"	52	77	77	0	1	-52	"2007"	1.198331274
"220"	56	83	83	0	1	-55	"2007"	1.498858248
"221"	56	77	77	0	1	-52	"2007"	1.198331274
"222"	56	80	80	0	1	-55	"2007"	1.348594761
"223"	66	82	85	1	1	-64	"2007"	1.799385222
"224"	60	64	67	1	1	-60	"2007"	1.599033906
"225"	62	79	79	0	1	-54	"2007"	1.298506932
"226"	69	83	83	0	1	-58	"2007"	1.498858248
"227"	69	71	74	1	1	-68	"2007"	1.999736538
"228"	13	36	36	0	1	-11	"2007"	-0.955445373
"229"	22	42	42	0	1	-17	"2007"	-0.654918399
"230"	26	42	42	0	1	-17	"2007"	-0.654918399
"231"	26	33	36	1	1	-18	"2007"	-0.554742741
"232"	54	72	72	0	1	-47	"2007"	0.947892129
"233"	55	79	79	0	1	-54	"2007"	1.298506932
"234"	63	80	80	0	1	-55	"2007"	1.348594761
"235"	11	24	24	0	1	2	"2007"	-1.556499322
"236"	39	67	67	0	1	-35	"2007"	0.697452984
"237"	51	70	70	0	1	-45	"2007"	0.847716471
"238"	51	51	54	1	1	-41	"2007"	0.647365155
"239"	55	75	75	0	1	-50	"2007"	1.098155616
"240"	57	80	80	0	1	-55	"2007"	1.348594761
"241"	36	61	61	0	1	-34	"2007"	0.39692601
"242"	68	81	85	1	1	-66	"2007"	1.89956088
"243"	62	79	79	0	1	-54	"2007"	1.298506932
"244"	67	71	74	1	1	-63	"2007"	1.749297393
"245"	60	63	63	0	1	-38	"2007"	0.497101668
"246"	3	27	27	0	1	-1	"2008"	-1.406235835
"247"	16	48	48	0	1	-16	"2008"	-0.304303596
"248"	10	20	23	1	1	3	"2008"	-1.606587151
"249"	16	42	42	0	1	-15	"2008"	-0.654918399
"250"	18	44	44	0	1	-16	"2008"	-0.504654912
"251"	41	66	66	0	1	-41	"2008"	0.647365155
"252"	17	26	30	1	1	-15	"2008"	-0.755094057
"253"	18	21	24	1	1	-17	"2008"	-0.654918399
"254"	19	29	32	1	1	-18	"2008"	-0.554742741
"255"	22	49	49	0	1	-21	"2008"	-0.254215767
"256"	29	34	37	1	1	-24	"2008"	-0.254215767
"257"	24	40	43	1	1	-23	"2008"	-0.304303596
"258"	24	52	52	0	1	-23	"2008"	-0.10395228
"259"	32	29	29	0	1	-4	"2008"	-1.306060177
"260"	32	56	56	0	1	-31	"2008"	0.146486865
"261"	4	34	34	0	1	-4	"2008"	-1.306060177
"262"	34	58	58	0	1	-33	"2008"	0.246662523
"263"	35	62	62	0	1	-37	"2008"	0.447013839
"264"	38	66	66	0	1	-32	"2008"	0.647365155
"265"	41	66	66	0	1	-41	"2008"	0.647365155
"266"	48	73	73	0	1	-48	"2008"	0.997979958
"267"	54	77	77	0	1	-52	"2008"	1.198331274
"268"	8	33	33	0	1	-8	"2008"	-1.10570886
"269"	8	28	28	0	1	-3	"2008"	-1.356148006
"270"	9	31	31	0	1	-6	"2008"	-1.205884519
"271"	9	30	30	0	1	-5	"2008"	-1.255972348
"272"	11	15	19	1	1	-10	"2008"	-1.005533202
"273"	12	41	44	1	1	-10	"2008"	-1.005533202
"274"	13	38	38	0	1	-13	"2008"	-0.855269715
"275"	6	8	10	1	1	-6	"2008"	-1.055621031
"276"	9	36	36	0	1	-8	"2008"	-0.955445373
"277"	14	14	16	1	1	-13	"2008"	-0.855269715
"278"	14	41	41	0	1	-13	"2008"	-0.705006228
"279"	15	30	32	1	1	-7	"2008"	-1.155796689
"280"	32	61	61	0	1	-31	"2008"	0.39692601
"281"	39	65	65	0	1	-38	"2008"	0.597277326
"282"	57	71	74	1	1	-52	"2008"	1.198331274
"283"	21	50	50	0	1	-20	"2008"	-0.204127938
"284"	57	75	79	1	1	-52	"2008"	1.198331274
"285"	27	57	57	0	1	-26	"2008"	0.196574694
"286"	27	36	39	1	1	-22	"2008"	-0.354391425
"287"	39	67	67	0	1	-39	"2008"	0.697452984
"288"	5	26	28	1	1	-4	"2008"	-1.306060177
"289"	5	23	23	0	1	3	"2008"	-1.606587151
"290"	5	21	21	0	1	5	"2008"	-1.706762809
"291"	6	23	23	0	1	3	"2008"	-1.606587151
"292"	7	21	24	1	1	-7	"2008"	-1.055621031
"293"	14	28	31	1	1	-13	"2008"	-0.855269715
"294"	16	36	39	1	1	-15	"2008"	-0.504654912
"295"	21	40	43	1	1	-20	"2008"	-0.454567083
"296"	37	62	62	0	1	-37	"2008"	0.447013839
"297"	39	64	64	0	1	-37	"2008"	0.447013839
"298"	40	69	69	0	1	-40	"2008"	0.797628642
"299"	43	66	66	0	1	-41	"2008"	0.647365155
"300"	49	74	77	1	1	-49	"2008"	1.048067787
"301"	51	77	77	0	1	-50	"2008"	1.198331274
"302"	52	79	79	0	1	-52	"2008"	1.198331274
"303"	45	71	71	0	1	-44	"2008"	0.797628642
"304"	6	8	10	1	1	-4	"2008"	-1.306060177
"305"	8	31	31	0	1	-4	"2008"	-1.205884519
"306"	55	70	73	1	1	-55	"2008"	1.348594761
"307"	57	74	77	1	1	-52	"2008"	1.198331274
"308"	72	75	77	1	1	-67	"2008"	1.949648709
"309"	53	73	77	1	1	-53	"2008"	1.248419103
"310"	53	70	70	0	1	-45	"2008"	0.847716471
"311"	54	73	76	1	1	-49	"2008"	1.048067787
"312"	56	75	78	1	1	-51	"2008"	1.148243445
"313"	56	79	82	1	1	-55	"2008"	1.348594761
"314"	53	77	77	0	1	-52	"2008"	1.198331274
"315"	53	76	76	0	1	-51	"2008"	1.148243445
"316"	66	74	77	1	1	-66	"2008"	1.89956088
"317"	68	74	77	1	1	-66	"2008"	1.89956088
"318"	17	43	43	0	1	-16	"2008"	-0.554742741
"319"	17	44	44	0	1	-16	"2008"	-0.504654912
"320"	19	25	27	1	1	-14	"2008"	-0.805181886
"321"	20	32	35	1	1	-19	"2008"	-0.504654912
"322"	7	27	27	0	1	-2	"2009"	-1.406235835
"323"	25	47	47	0	1	-22	"2009"	-0.354391425
"324"	47	47	50	1	1	-47	"2009"	0.947892129
"325"	53	65	67	1	1	-53	"2009"	1.248419103
"326"	11	23	26	1	1	-6	"2009"	-1.205884519
"327"	25	29	29	0	1	-4	"2009"	-1.306060177
"328"	28	28	30	1	1	-27	"2009"	-0.003776622
"329"	37	64	64	0	1	-32	"2009"	0.547189497
"330"	42	61	64	1	1	-37	"2009"	0.447013839
"331"	57	63	67	1	1	-52	"2009"	1.198331274
"332"	58	80	80	0	1	-55	"2009"	1.348594761
"333"	11	29	29	0	1	-4	"2009"	-1.306060177
"334"	13	38	38	0	1	-13	"2009"	-0.855269715
"335"	19	39	39	0	1	-14	"2009"	-0.805181886
"336"	19	39	39	0	1	-14	"2009"	-0.805181886
"337"	19	40	40	0	1	-15	"2009"	-0.755094057
"338"	19	47	47	0	1	-19	"2009"	-0.354391425
"339"	21	27	30	1	1	-20	"2009"	-0.354391425
"340"	9	30	30	0	1	-5	"2009"	-1.255972348
"341"	28	57	57	0	1	-27	"2009"	0.196574694
"342"	55	72	72	0	1	-47	"2009"	0.947892129
"343"	12	26	26	0	1	-1	"2009"	-1.456323664
"344"	14	26	30	1	1	-12	"2009"	-0.905357544
"345"	21	23	26	1	1	-19	"2009"	-0.504654912
"346"	25	51	51	0	1	-24	"2009"	-0.154040109
"347"	64	83	83	0	1	-58	"2009"	1.498858248
"348"	9	29	29	0	1	-4	"2009"	-1.306060177
"349"	27	52	52	0	1	-27	"2009"	-0.10395228
"350"	42	67	67	0	1	-42	"2009"	0.697452984
"351"	48	74	74	0	1	-49	"2009"	1.048067787
"352"	9	35	37	1	1	-8	"2009"	-1.10570886
"353"	11	25	25	0	1	1	"2009"	-1.506411493
"354"	20	48	48	0	1	-19	"2009"	-0.304303596
"355"	29	54	57	1	1	-24	"2009"	-0.254215767
"356"	72	80	83	1	1	-70	"2009"	2.099912196
"357"	77	80	82	1	1	-72	"2009"	2.200087854
"358"	32	52	52	0	1	-27	"2009"	-0.10395228
"359"	26	55	55	0	1	-25	"2009"	0.046311207
"360"	29	49	49	0	1	-24	"2009"	-0.254215767
"361"	39	64	64	0	1	-39	"2009"	0.547189497
"362"	40	62	62	0	1	-37	"2009"	0.447013839
"363"	40	63	63	0	1	-38	"2009"	0.497101668
"364"	43	63	63	0	1	-38	"2009"	0.497101668
"365"	47	70	70	0	1	-45	"2009"	0.847716471
"366"	48	69	69	0	1	-44	"2009"	0.797628642
"367"	51	72	72	0	1	-47	"2009"	0.947892129
"368"	53	62	62	0	1	-37	"2009"	0.447013839
"369"	54	67	70	1	1	-54	"2009"	1.298506932
"370"	54	79	79	0	1	-54	"2009"	1.298506932
"371"	55	80	80	0	1	-55	"2009"	1.348594761
"372"	79	79	81	1	1	-77	"2009"	2.450526999
"373"	33	53	53	0	1	-28	"2009"	-0.053864451
"374"	34	59	59	0	1	-34	"2009"	0.296750352
"375"	43	64	64	0	1	-39	"2009"	0.547189497
"376"	35	35	37	1	1	-33	"2009"	0.246662523
"377"	41	67	67	0	1	-40	"2009"	0.597277326
"378"	41	69	69	0	1	-40	"2009"	0.597277326
"379"	54	66	70	1	1	-52	"2009"	1.198331274
"380"	58	73	73	0	1	-48	"2009"	0.997979958
"381"	18	44	44	0	1	-17	"2009"	-0.504654912
"382"	28	45	45	0	1	-20	"2009"	-0.454567083
"383"	33	65	68	1	1	-31	"2009"	0.146486865
"384"	38	54	57	1	1	-36	"2009"	0.497101668
"385"	43	43	45	1	1	-20	"2009"	-0.454567083
"386"	43	68	68	0	1	-43	"2009"	0.747540813
"387"	47	67	70	1	1	-47	"2009"	0.947892129
"388"	52	78	82	1	1	-51	"2009"	1.148243445
"389"	56	79	79	0	1	-54	"2009"	1.298506932
"390"	40	43	46	1	1	-40	"2009"	0.597277326
"391"	40	40	43	1	1	-39	"2009"	0.547189497
"392"	40	43	46	1	1	-38	"2009"	0.497101668
"393"	3	13	16	1	1	-1	"2010"	-1.406235835
"394"	5	29	29	0	1	-3	"2010"	-1.356148006
"395"	13	33	33	0	1	-8	"2010"	-1.10570886
"396"	14	32	32	0	1	-7	"2010"	-1.155796689
"397"	14	32	32	0	1	-7	"2010"	-1.155796689
"398"	14	38	38	0	1	-13	"2010"	-0.855269715
"399"	17	20	20	0	1	6	"2010"	-1.756850638
"400"	19	18	18	0	1	8	"2010"	-1.857026296
"401"	31	53	53	0	1	-28	"2010"	-0.053864451
"402"	5	27	27	0	1	-2	"2010"	-1.406235835
"403"	31	58	58	0	1	-30	"2010"	0.246662523
"404"	31	37	40	1	1	-29	"2010"	-0.003776622
"405"	37	63	63	0	1	-33	"2010"	0.497101668
"406"	46	69	69	0	1	-44	"2010"	0.797628642
"407"	50	64	64	0	1	-39	"2010"	0.547189497
"408"	53	63	66	1	1	-48	"2010"	0.997979958
"409"	53	81	81	0	1	-53	"2010"	1.248419103
"410"	65	75	78	1	1	-51	"2010"	1.448770419
"411"	5	32	32	0	1	-5	"2010"	-1.255972348
"412"	5	33	33	0	1	-5	"2010"	-1.10570886
"413"	5	35	35	0	1	-5	"2010"	-1.255972348
"414"	5	13	17	1	1	-2	"2010"	-1.406235835
"415"	5	24	24	0	1	2	"2010"	-1.556499322
"416"	5	27	27	0	1	-2	"2010"	-1.406235835
"417"	5	20	20	0	1	6	"2010"	-1.756850638
"418"	5	19	22	1	1	4	"2010"	-1.65667498
"419"	4	13	13	0	1	15	"2010"	-2.057377612
"420"	5	27	27	0	1	-2	"2010"	-1.406235835
"421"	5	26	26	0	1	-1	"2010"	-1.456323664
"422"	5	20	20	0	1	6	"2010"	-1.756850638
"423"	5	17	17	0	1	9	"2010"	-1.907114125
"424"	5	20	23	1	1	3	"2010"	-1.606587151
"425"	6	35	35	0	1	-6	"2010"	-1.005533202
"426"	6	16	16	0	1	10	"2010"	-1.957201954
"427"	6	15	15	0	1	11	"2010"	-2.007289783
"428"	6	18	18	0	1	8	"2010"	-1.857026296
"429"	6	30	30	0	1	-5	"2010"	-1.255972348
"430"	4	29	29	0	1	-2	"2010"	-1.406235835
"431"	20	42	42	0	1	-17	"2010"	-0.654918399
"432"	68	84	84	0	1	-59	"2010"	1.548946077
"433"	4	27	27	0	1	-2	"2010"	-1.406235835
"434"	4	15	15	0	1	11	"2010"	-2.007289783
"435"	4	28	28	0	1	-2	"2010"	-1.406235835
"436"	4	28	28	0	1	-2	"2010"	-1.406235835
"437"	4	27	27	0	1	-2	"2010"	-1.406235835
"438"	4	33	33	0	1	-4	"2010"	-1.10570886
"439"	31	32	32	0	1	-7	"2010"	-1.155796689
"440"	47	47	50	1	1	-47	"2010"	0.947892129
"441"	42	68	68	0	1	-42	"2010"	0.697452984
"442"	3	15	15	0	1	13	"2010"	-2.007289783
"443"	20	28	31	1	1	-12	"2010"	-0.905357544
"444"	20	36	40	1	1	-19	"2010"	-0.304303596
"445"	26	28	30	1	1	-25	"2010"	-0.003776622
"446"	27	47	47	0	1	-22	"2010"	-0.354391425
"447"	35	37	40	1	1	-30	"2010"	0.046311207
"448"	31	43	46	1	1	-29	"2010"	-0.003776622
"449"	40	58	58	0	1	-33	"2010"	0.246662523
"450"	41	43	46	1	1	-41	"2010"	0.647365155
"451"	41	44	46	1	1	-40	"2010"	0.697452984
"452"	42	66	66	0	1	-40	"2010"	0.597277326
"453"	44	44	46	1	1	-39	"2010"	0.547189497
"454"	46	46	48	1	1	-45	"2010"	0.847716471
"455"	47	57	57	0	1	-32	"2010"	0.196574694
"456"	47	70	70	0	1	-45	"2010"	0.847716471
"457"	59	83	83	0	1	-58	"2010"	1.498858248
"458"	61	83	83	0	1	-58	"2010"	1.498858248
"459"	65	83	83	0	1	-58	"2010"	1.498858248
"460"	3	25	25	0	1	3	"2010"	-1.506411493
"461"	42	44	46	1	1	-37	"2010"	0.447013839
"462"	6	16	16	0	1	10	"2010"	-1.957201954
"463"	7	16	16	0	1	10	"2010"	-1.957201954
"464"	7	34	34	0	1	-7	"2010"	-1.055621031
"465"	7	11	15	1	1	-2	"2010"	-1.406235835
"466"	7	25	27	1	1	-2	"2010"	-1.406235835
"467"	7	13	16	1	1	4	"2010"	-1.65667498
"468"	20	20	22	1	1	4	"2010"	-1.65667498
"469"	6	27	27	0	1	-2	"2010"	-1.406235835
"470"	27	29	31	1	1	-22	"2010"	-0.354391425
"471"	31	37	39	1	1	-31	"2010"	0.146486865
"472"	31	37	39	1	1	-30	"2010"	0.046311207
"473"	34	45	47	1	1	-32	"2010"	0.196574694
"474"	64	64	67	1	1	-62	"2010"	1.699209564
"475"	21	42	42	0	1	-17	"2010"	-0.654918399
"476"	34	54	54	0	1	-29	"2010"	-0.003776622
"477"	44	59	59	0	1	-34	"2010"	0.296750352
"478"	34	51	54	1	1	-32	"2010"	0.196574694
"479"	73	73	75	1	1	-68	"2010"	1.999736538
"480"	73	73	75	1	1	-68	"2010"	1.999736538
"481"	73	73	75	1	1	-65	"2010"	1.849473051
"482"	5	30	30	0	1	1	"2011"	-1.506411493
"483"	13	38	38	0	1	-8	"2011"	-1.10570886
"484"	18	46	46	0	1	-16	"2011"	-0.705006228
"485"	18	33	33	0	1	-10	"2011"	-1.005533202
"486"	19	41	44	1	1	-14	"2011"	-0.805181886
"487"	21	41	41	0	1	-13	"2011"	-0.855269715
"488"	23	49	49	0	1	-18	"2011"	-0.554742741
"489"	26	49	49	0	1	-18	"2011"	-0.554742741
"490"	30	44	47	1	1	-22	"2011"	-0.354391425
"491"	37	59	59	0	1	-32	"2011"	0.196574694
"492"	13	27	31	1	1	-5	"2011"	-1.255972348
"493"	14	32	32	0	1	-6	"2011"	-1.205884519
"494"	14	37	37	0	1	-9	"2011"	-1.055621031
"495"	14	37	37	0	1	-6	"2011"	-1.205884519
"496"	35	48	50	1	1	-25	"2011"	-0.204127938
"497"	37	62	62	0	1	-32	"2011"	0.196574694
"498"	48	59	62	1	1	-40	"2011"	0.597277326
"499"	5	31	31	0	1	-1	"2011"	-1.456323664
"500"	21	49	49	0	1	-19	"2011"	-0.504654912
"501"	71	73	76	1	1	-66	"2011"	1.89956088
"502"	5	37	37	0	1	-4	"2011"	-1.306060177
"503"	52	73	73	0	1	-47	"2011"	0.947892129
"504"	6	6	8	1	1	-2	"2011"	-1.406235835
"505"	8	33	33	0	1	-3	"2011"	-1.356148006
"506"	8	36	36	0	1	-6	"2011"	-1.205884519
"507"	8	34	34	0	1	-3	"2011"	-1.356148006
"508"	8	33	33	0	1	-3	"2011"	-1.356148006
"509"	8	10	13	1	1	-3	"2011"	-1.356148006
"510"	8	34	34	0	1	-3	"2011"	-1.356148006
"511"	35	50	50	0	1	-25	"2011"	-0.204127938
"512"	39	56	60	1	1	-36	"2011"	0.39692601
"513"	45	50	53	1	1	-43	"2011"	0.747540813
"514"	46	61	65	1	1	-44	"2011"	0.797628642
"515"	11	27	27	0	1	-1	"2011"	-1.456323664
"516"	26	51	51	0	1	-21	"2011"	-0.404479254
"517"	70	73	76	1	1	-67	"2011"	1.949648709
"518"	69	73	76	1	1	-61	"2011"	1.649121735
"519"	50	76	76	0	1	-45	"2011"	0.847716471
"520"	69	73	76	1	1	-66	"2011"	1.89956088
"521"	51	69	69	0	1	-43	"2011"	0.747540813
"522"	51	73	76	1	1	-50	"2011"	1.098155616
"523"	1	17	20	1	1	4	"2011"	-1.65667498
"524"	58	73	76	1	1	-55	"2011"	1.348594761
"525"	12	14	16	1	1	-2	"2011"	-1.406235835
"526"	19	21	24	1	1	-18	"2011"	-0.554742741
"527"	26	43	43	0	1	-16	"2011"	-0.705006228
"528"	49	66	70	1	1	-25	"2011"	0.797628642
"529"	47	58	61	1	1	-46	"2011"	0.8978043
"530"	71	73	76	1	1	-66	"2011"	1.89956088
"531"	42	57	57	0	1	-34	"2011"	0.296750352
"532"	60	73	76	1	1	-58	"2011"	1.498858248
"533"	48	51	54	1	1	-43	"2011"	0.747540813
"534"	54	63	63	0	1	-44	"2011"	0.797628642
"535"	55	75	75	0	1	-47	"2011"	0.947892129
"536"	55	58	61	1	1	-50	"2011"	1.098155616
"537"	55	73	76	1	1	-50	"2011"	1.098155616
"538"	69	73	76	1	1	-64	"2011"	1.799385222
"539"	70	73	76	1	1	-69	"2011"	2.049824367
"540"	42	65	65	0	1	-34	"2011"	0.296750352
"541"	72	74	76	1	1	-64	"2011"	1.799385222
"542"	43	69	69	0	1	-38	"2011"	0.497101668
"543"	43	55	55	0	1	-35	"2011"	0.346838181
"544"	43	45	47	1	1	-37	"2011"	0.447013839
"545"	46	71	71	0	1	-41	"2011"	0.647365155
"546"	46	54	57	1	1	-41	"2011"	0.647365155
"547"	46	51	54	1	1	-38	"2011"	0.497101668
"548"	47	73	73	0	1	-45	"2011"	0.847716471
"549"	70	73	76	1	1	-65	"2011"	1.849473051
"550"	32	36	36	0	1	-12	"2012"	-0.905357544
"551"	30	44	44	0	1	-19	"2012"	-0.504654912
"552"	55	57	59	1	1	-47	"2012"	0.947892129
"553"	10	41	41	0	1	-10	"2012"	-0.654918399
"554"	35	41	41	0	1	-16	"2012"	-0.705006228
"555"	43	63	67	1	1	-42	"2012"	0.697452984
"556"	18	36	40	1	1	-16	"2012"	-0.705006228
"557"	27	27	30	1	1	-26	"2012"	-0.053864451
"558"	55	57	59	1	1	-50	"2012"	1.098155616
"559"	27	46	46	0	1	-22	"2012"	-0.354391425
"560"	27	40	40	0	1	-17	"2012"	-0.654918399
"561"	30	49	49	0	1	-25	"2012"	-0.204127938
"562"	19	45	45	0	1	-18	"2012"	-0.554742741
"563"	32	38	40	1	1	-27	"2012"	-0.10395228
"564"	36	43	47	1	1	-34	"2012"	0.296750352
"565"	36	42	42	0	1	-17	"2012"	-0.654918399
"566"	30	41	44	1	1	-29	"2012"	-0.003776622
"567"	32	43	47	1	1	-24	"2012"	-0.254215767
"568"	32	43	47	1	1	-27	"2012"	-0.10395228
"569"	32	43	47	1	1	-27	"2012"	-0.10395228
"570"	34	43	47	1	1	-29	"2012"	-0.003776622
"571"	30	37	40	1	1	-25	"2012"	-0.204127938
"572"	39	45	47	1	1	-32	"2012"	0.196574694
"573"	39	45	47	1	1	-27	"2012"	-0.10395228
"574"	43	43	46	1	1	-38	"2012"	0.497101668
"575"	44	44	47	1	1	-41	"2012"	0.647365155
"576"	30	46	46	0	1	-28	"2012"	-0.053864451
"577"	31	44	47	1	1	-29	"2012"	-0.003776622
"578"	31	46	46	0	1	-23	"2012"	-0.304303596
"579"	31	42	44	1	1	-26	"2012"	-0.154040109
"580"	31	44	47	1	1	-26	"2012"	-0.154040109
"581"	31	40	40	0	1	-20	"2012"	-0.454567083
